survey,site,Acanthurus_bahianus,Acanthurus_chirurgus,Aulostomus_maculatus,Bodianus_pulchellus,Bodianus_rufus,Cantherhines_macrocerus,Canthidermis_sufflamen,Canthigaster_rostrata,Caranx_latus,Caranx_lugubris,Caranx_ruber,Centropyge_argi,Cephalopholis_fulva,Chaetodon_ocellatus,Chaetodon_sedentarius,Chromis_bermudae,Chromis_enchrysura,Coryphopterus_spp,Elegantis_bipinnulata,Gymnothorax_funebris,Haemulon_flavolineatum,Halichoeres_radiatus,Halochoeres_garnoti,Holocanthus_bermudensis,Holocanthus_ciliaris,Holocanthus_tricolor,Holocentrus_rufus,Lactophrys_trigonus,Malacanthus_plumieri,Mycteroperca_bonaci,Paranthius_furcifer,Pseudupeneus_maculatus,Pterois_volitans,Rypticus_saponaceus,Scarus_coelestinus,Scarus_taeniopterus,Seriola_rivoliana,Serranus_tigrinus,Sparisoma_aurofrenatum,Sparisoma_viride,Sphyraena_barracuda
1,HS1,0.068092136,0,0,0.01208929,0.012311772,0,0,0.00698321,0,0,0,0.001220317,0.051020001,0,0.007506362,0.007480719,0.002998112,0,0,0,0,0.071989575,0,0,0,0.015135715,0.018205123,0,0,0,0.120491723,0.01948584,0.484845849,0,0,0,0,0,0.014380126,0.08576413,0
1,NNE,0,0,0,8.00055e-4,0,0,0.040435711,0,0.091124708,0,0,2.11822e-4,0,0.001739375,0.001104326,0.001854999,0.315717595,0,9.60694e-4,0,0,0,1.8373e-4,0,0,8.7575e-4,0.02780831,0,0,0,0.134571251,0,0.20013825,0,0,0,0.17509484,0,0,0.007378586,0
1,XL,0.003644778,0,0,0.008788091,0,0,0,0,0,0,0,0.002253223,0,0,0.004027054,0.018757827,0.007539197,0,0,0,0,0,0,0,0,0.006595831,0.010269023,0,0,0,0.082197295,0,0.685423944,0.009407323,0,0,0.150508617,0,0,0.010587796,0
2,HS1,0,0,0.010883124,0.02372502,0.030476098,0,0,0,0,0,0,0.001351773,0,0.01665012,0,0.005918973,0.007987111,0,0,0,0.09140497,0.045208371,0,0,0,0.008383088,0.029098237,0,0,0,0.528825747,0.040771287,0,0,0,0,0,0,0,0.159316082,0
2,NNE,0,0,0,0.001946825,0,0,0.001051146,0,0.285499499,0,0,3.92812e-4,0.003103326,0,0.003159227,0.007262208,0.133018972,0,0.004165736,0.001263963,0,0,0.001650251,0,0,0,0.039518945,0,0,0,0.039903939,0,0.401960696,0,0,0,0.067796323,0,0,0.008306133,0
2,XL,0,0,0,0.010134789,0,0,0,0,0,0,0,0.00346468,0,0,0.006268241,0.087652957,0.07257416,0,0,0,0,0.02043902,0.01122209,0,0,0.011409877,0.03181472,0,0,0,0.179483242,0,0.535455814,0.022175973,0,0,0,0,0,0.007904437,0
3,XL,0,0,0.003985901,0.002069664,0,0,0,0,0,0,0,0.002079577,0,0,0.014299629,0.023067356,0.192361242,0,0,0.001907027,0.053018696,0,4.51276e-4,0.029941917,0,0.004900572,0.012197177,0,0,0.007941069,0.019232608000000002,0.007210325,0.589404842,0.010719636,0,0,0,0,0.01267945,0.012532035,0
4,HS1,0.039992271,0.048993967,0.006850731,0,0.009406888,0,0.106367807,0,0,0.0402893,0.060023237,0.012901027,0,0,0.029664339,0.005648939,0.011265038,0,0,0,0.054098708,0.095133011,0.005344228,0,0,0.001379402,0.076984842,0,0,0,0.006152896,0,0,0,0.188231827,0.053313747,0,0,0,0,0.147957794
4,XL,0,0,0,0.025456628,0,0.015105646,0,7.37503e-4,0,0,0,0.01168551,0,0,0.01838773,0.022543158,0.005725079,3.17045e-4,0,0,0,0.017998146,0.006722506,0,0.017660795,0.012603179,0.055984274,0,0.012677432,0,0.1603985,0,0.484464628,0,0,0,0.131532241,0,0,0,0
5,HS1,0.027201424,0,0,0.017856667,0,0,0,0,0,0,0,0.003052241,0,0,0.042720991,0.005345907,0.001574664,0,0,0,0,0.047652798,4.85037e-4,0,0,0.020103268,0.020708728,0,0.012344939,0,0.014405698,0,0.41781728,0,0,0.172491563,0.131698239,0,0,0.064540555,0
5,NNE,0,0,0,0,0,0,0.015431011,0,0,0,0,0.003898831,0,0,0,0.18209825599999999,0.005473581,0,0,0,0,0,5.3106e-4,0,0,0,0.032052723,0,0.008464872,0,0.10137927100000001,0.018493181,0.619620036,0.012557177,0,0,0,0,0,0,0
5,XL,0.028667804,0,0,0,0,0.029491346,0,6.71207e-4,0,0,0,0.00924789,0,0,0,0.010528309,0.002009443,0,0,0,0.003475702,0.026375337,0.003038732,0,0,0.011470251,0.033967816,0,0,0,0.003864528,0,0.793112011,0.010424813,0,0,0,0,0,0.033654808,0
6,HS1,0.014593617,0,0,0.050683065,0.063862327,0,0,0.014636315,0,0.070117476,0,0,0.027894259,0,0.028396722,0.00240492,0.020144211,0,0,0,0.023874731,0.03314658,0.001531268,0,0,0.015277005,0.027039976,0.017787587,0,0,0.267342572,0,0,0,0,0,0.304693765,4.63059e-4,0,0.016110546,0
6,NNE,0.107963358,0,0,0.028942503,0,0,0.014481102,0,0,0,0,0.002542138,0,0,0.007667014,7.4208e-4,0.039857457,0,0,0,0,0,0.014469755,0,0,0.0039413,0.348554642,0,0,0.045627666,0.128374986,0.034793558,0.151503076,0,0,0.012229405,0,0,0,0,0.058309959
6,XL,0.05458991,0,0,0.037871302,0.036449972,0,0,0,0,0,0,0.002935009,0,0,0.013277847,0.008996011,0.312285304,0,0,0,0.039692221,0.034628708,0.007258272,0,0,0,0.072095798,0,0,0,0,0,0,0,0,0,0.379919646,0,0,0,0
